3 14 1 7 3 8 2 5 5 13 2 9 7 3 9 6 9 5 3 6 4 27 2 18 14 63 2 3 7 2 18 26 2 5 10 4 2 8 13 3 7 6 2 3 31 1 6 0 1 5 2 4 3 8 15 4 5 2 3 7 5 7 4 3 6 5 1 3 4 1 19 6 2 42 6 56
 1 3 3 3 8 5 8 5 3 14 21 4 4 35 4 16 18 3 25 33 6 6 4 3 63 7 29 3 28 2 3 13 3 5 2 8 4 3 3 3 27 2 4 2 2 3 5 155 7 11 3 4 5 3 3 6 12 18 4 2 2 9 5 3 3 2 1 33 8 3 6 5 3 2
 5 71 5 22 2 3 11 13 16 2 5 4 3 3 6 1 2 8 3 20 1 3 14 6 2 21 2 3 2 11 6 2 3 6 235 3 9 9 3 4 1 11 5 3 5 4 4 3 3 3

16 3 5 0 4 3 3 3 5 10 1 5 6 10 6 44 2 3 16 10 16 61 6 3 3 1 1 10 1 95 9 3 0 6 0 3 12 2 12 23 3 3 11 36 8 15 8 8 4 6 1 16 3 3 2 2 11 4 9 5 4 37 21 8 12 1 7 2 4 2 3 4
 35 4 3 2 3 0 1 4 8 5 1 1 2 4 4 3 0 3 8 13 8 3 2 4 7 29 2 27 20 4 16 4 3 3 4 2 2 35 6 23 4 13 2 37 5 9 0 70 5 3 3 4 3 27 3 9 4 18 2 3 3 5 9 12 4 30 2 3 1 2 2 3 6 10 1
 3 4 4 1 3 6 9 3 1 15 9 2 2 44 8 2 9 5 7 8 3 47 3 1 10 6 19 2 21 1 1 2 77 3 98 82 17 2 6 3 23 528 5 11 3 3 6 5 116 12 6 4 8 2 3 5 20 3 7 11 34 4 8 15 3 25 4 1 8 4 3 2
 3 1 198 2 5 57 2 2 16 2 3 7 6 2 35 12 1 8 1 12 4 3 6 16 2 5 10 3 0 3 4 1 182 8 8 1 77 1 3 2 2 4 3 18 3 4 5 3 2 5 2 4 2 3 4 4 52 2 24 13 8 3 1 6 1 2 9 21 3 2 10 5 6 2
 5 6 44 1 4 74 52 9 2 21 6 4 3 16 5 5 4 4 7 3 5 5 32 4 5 4 13 1 3 9 5 3 10 8 5 144 211 5 1 1 3 2 88 3 6 4 2 4 2 10 2 13 6 11 1 2 2 7 5 16 11 7 4 4 5 12 2 4 2 7 5 8 3 2
 6 8 2 4 28 2 4 8 0 115 16 4 1 1 7 4 3 10 5 3 4 5 3 1 3 2 4 9 4 16 3 3 1 1 6 14 16 4 4 72 2 5 4 4 1 4 1 20 14 0 3 5 4 5 8 23 1 7 2 6 34 2 21 4 38 1 6 1 2 42 6 6 6 1 3
 8 3 8 152 26 7 3 80 1 2 6 4 5 3 5 2 15 2 5 1 5 13 2 87 3 6 4 6 1 1 0 9 3 83 7 13 8 6 1 6 3 7 22 4 3 4 7 2 3 9 5 3 7 2 6 28 3 11 3 2 3 2 1 4 43 3 19 4 3 1 79 16 1 6 9
 3 27 2 23 72 2 2 0 5 3 2 3 1 5 4 2 2 3 13 4 5 20 8 8 10 3 8 3 3 24 16 6 1 2 1 9 1 11 5 2 4 3 2 14 2 9 4 10 4 17 5 10 9 5 7 8 3 10 7 3 2 3 97 2 2 12 0 6 54 6 30 5 2 2
 5 3 5 2 3 12 7 2 6 4 5 2 164 16 88 4 13 5 2 5 9 6 9 1 2 6 12 7 5 4 3 9 1 65 3 6 3 8 10 4 1 3 5 1 8 6 22 15 16 27 2 2 4 2 2 3 1 3 1 6 3 5 3 45 2 3 3 20 1 4 4 6 8 137 3
 16 6 3 2 4 10 3 11 6 2 4 4 3 5 3 8 7 5 16 7 2 4 6 1 4 7 2 3 1 4 4 6 32 25 7 6 3 3 4 5 0 312 5 11 3 4 2 3 98 1 3 2 6 5 6 3 4 2 6 3 60 11 2 4 3 6 9 3 19 11 7 4 2 6 27 2
 2 3 1 2 8 15 25 12 16 6 19 2 8 3 2 2 2 6 3 5 2 6 18 48 8 7 9 2 22 2 2 4 9 1 4 15 1 1 57 1 2 3 104 3 15 16 4 3 1 4 18 3 2 5 4 1409 39 195 15 6 4 2 4 4 3 7 4 9 5 20 6 7
 3 24 5 2 1 3 3 5 1 2 13 6 10 1 3 5 20 1 1 40 3 24 5 4 3 6 5 5 76 1 1 20 6 4 4 3 28 7 14 2 4 7 14 5 3 5 11 684 1 1 8 2 1 6 4 4 2 7 4 17 17 4 1 39 3 3 2 5 7 15 7 4 2 13
 3 1 4 5 11 12 2 8 4 1 4 3 2 5 3 6 14 1 15 2 3 12 0 15 1 3 11 21 6 17 2 5 2 5 24 5 0 6 8 3 27 5 7 4 7 7 5 3 1 2 4 4 5 2 252 8 5 4 10 11 5 11 3 2 129 3 3 15 4 1 3 3 12
 31 45 4 7 3 9 7 5 15 3 41 24 4 4 3 5 2 10 102 10 11 4 11 3 4 6 5 4 43 2 6 2 7 6 2 2 3 3 2
